((("load-file" .
   [0 0 0 0 0 0 0 1 0])
  ("highlight-symbol-mode" .
   [0 0 0 0 0 0 0 0 0 0 0 0 1 0 0 0 0 0 0 0 0])
  ("highlight-phrase" .
   [0 0 0 1 0 0 0 0 0 0 0 0 0 0 0 0])
  ("h0005" .
   [1 0 0 0 0])
  ("1000" .
   [1 0 0 0])
  ("load_deta_reg" .
   [0 0 0 0 0 0 1 0 0 0 0 0 0])
  ("vm_set_library_path" .
   [0 0 1 0 0 0 0 0 0 0 0 0 0 0 0 0 0 0 0])
  ("cpu_dio" .
   [1 0 0 0 0 1 0])
  ("cfg" .
   [1 0 0])
  ("66" .
   [1 0])
  ("include" .
   [3 0 0 0 0 0 0])
  ("$signed" .
   [0 0 0 3 1 0 0])
  ("resample_out_q" .
   [5 0 0 0 0 0 0 0 0 0 0 0 0 0])
  ("2000" .
   [1 0 0 0])
  ("20" .
   [1 0])
  ("resample_out_q_pre_reg" .
   [0 0 0 0 0 0 0 0 0 0 0 0 0 0 0 0 0 0 0 1 0 0])
  ("resample_out_q_pre" .
   [0 0 0 0 0 0 0 0 0 0 0 0 0 0 0 0 1 0])
  ("round_to_even_15" .
   [3 0 0 0 0 0 0 0 0 0 0 0 0 0 0 0])
  ("resample_out_i_pre_reg" .
   [0 0 0 0 2 0 0 0 0 0 0 0 0 0 0 1 0 0 0 0 0 0])
  ("round_to_even_14" .
   [2 0 0 0 0 0 0 0 0 0 0 0 0 0 0 0])
  ("19" .
   [1 0])
  ("17" .
   [5 0])
  ("dout_pre" .
   [0 0 0 0 0 0 2 1])
  ("presample_dout" .
   [0 0 0 1 0 0 0 0 0 0 0 0 0 0])
  ("DATA_SIZE" .
   [0 0 4 0 2 1 1 0 0])
  ("DATA_W" .
   [0 0 2 0 0 0])
  ("presample_dout_pre" .
   [0 0 0 2 1 1 0 0 0 0 0 0 0 0 0 0 2 0])
  ("End" .
   [0 0 1])
  ("presample_dout_valid" .
   [0 0 0 1 0 0 0 0 0 0 0 0 0 0 0 0 0 0 0 0])
  ("filter_ctrl" .
   [0 0 0 2 0 0 0 0 0 0 0])
  ("h2000" .
   [1 0 0 0 0])
  ("test_reg" .
   [0 0 0 1 0 0 0 0])
  ("test" .
   [1 0 0 0])
  ("up_fft_rd_en" .
   [0 0 0 0 0 1 0 0 0 0 0 0])
  ("cfg_start_fft_reg" .
   [0 0 0 0 0 0 0 0 1 0 0 0 0 0 0 0 0])
  ("sig" .
   [1 0 1])
  ("cfg_up_fft_rd_en" .
   [0 0 0 0 1 0 0 0 0 0 0 0 0 0 0 0])
  ("reg_up_fft_data_valid" .
   [0 0 0 0 0 0 1 0 0 1 0 0 0 0 0 0 0 0 0 0 0])
  ("b0" .
   [4 0])
  ("reg_up_fft_data_q" .
   [0 0 0 0 0 0 0 0 0 0 0 0 0 0 0 0 1])
  ("reg_up_fft_data_i" .
   [0 0 0 0 0 0 2 0 0 0 0 0 0 0 0 0 0])
  ("up_rdata" .
   [0 0 0 0 0 4 1 0])
  ("end" .
   [2 0 0])
  ("begin" .
   [1 0 0 0 0])
  ("be" .
   [1 0])
  ("`define" .
   [5 0 0 0 0 0 0])
  ("up_addr" .
   [0 0 0 0 0 1 0])
  ("case" .
   [3 0 0 0])
  ("up_wr_s" .
   [0 0 0 0 0 0 1])
  ("up_wr" .
   [0 0 0 0 1])
  ("up_sel_s" .
   [0 0 0 0 0 2 0 1])
  ("up_sel" .
   [0 0 0 0 0 1])
  ("up_ack" .
   [0 0 0 0 1 0])
  ("up_rstn" .
   [0 0 0 0 0 1 0])
  ("up_clk" .
   [1 0 0 0 0 0])
  ("qdata_in" .
   [0 0 0 1 0 0 0 0])
  ("fft_data_q" .
   [0 0 0 0 0 0 1 0 0 0])
  ("idata_in" .
   [0 0 0 1 1 0 0 0])
  ("fft_data_i" .
   [0 0 0 0 0 0 1 0 0 0])
  ("output" .
   [6 0 0 0 0 0])
  ("13" .
   [6 0])
  ("15" .
   [8 0])
  ("h0000" .
   [2 0 0 0 0])
  ("`endif" .
   [1 0 0 0 0 0])
  ("ZERO" .
   [2 0 0 0])
  ("`ifdef" .
   [0 0 0 1 0 0])
  ("cpu_wr_wire" .
   [0 0 0 0 0 0 1 0 0 0 0])
  ("int" .
   [3 0 0])
  ("$time" .
   [0 0 0 1 0])
  ("modem" .
   [0 0 0 0 1])
  ("modulate" .
   [0 0 0 0 1 0 0 0])
  ("tt" .
   [1 0])
  ("1" .
   [1])
  ("sqrt" .
   [1 0 0 0])
  ("fx" .
   [1 0])
  ("db2mag" .
   [0 0 3 4 0 0])
  ("plot" .
   [1 0 0 0])
  ("pi" .
   [1 0])
  ("sin" .
   [2 0 0])
  ("negedge" .
   [0 0 0 1 0 0 0])
  ("rst_dly_proc" .
   [0 0 0 0 0 1 0 0 0 0 0 0])
  ("U_CLK_RST" .
   [0 0 0 0 0 0 1 0 0])
  ("parameter" .
   [0 0 0 0 4 0 1 0 0])
  ("vm_auto_inst_param" .
   [0 0 1 0 0 0 0 0 0 0 0 0 0 0 0 0 0 0])
  ("sv" .
   [1 0])
  ("dly_ip_top" .
   [1 0 0 0 0 0 0 0 0 0])
  ("always_ff_rst" .
   [0 0 3 2 0 0 0 0 0 0 0 0 0])
  ("locked" .
   [0 0 1 0 2 0])
  ("wire" .
   [6 0 0 0])
  ("clk_sys1" .
   [1 0 0 0 0 0 2 0])
  ("clk_sys" .
   [0 0 0 0 0 1 1])
  ("clk_in1" .
   [0 0 0 0 0 1 1])
  ("clk_in" .
   [0 0 0 1 0 0])
  ("7Series_IBUFG" .
   [0 0 1 0 0 0 0 0 0 0 0 0 0])
  ("input" .
   [9 0 0 0 0])
  ("dly_line_aixif_v1_0_S00_AXI" .
   [0 0 0 0 0 0 0 1 0 0 0 0 0 0 0 0 0 0 0 0 0 0 0 0 0 0 0])
  ("vm_auto_io" .
   [0 0 2 0 0 0 0 0 0 0])
  ("clk_rst" .
   [0 0 0 0 1 0 0])
  ("dly_proc" .
   [0 0 0 0 0 0 0 1])
  ("dly_proc_top" .
   [0 0 0 0 0 0 0 0 0 1 0 0])
  ("`include" .
   [1 0 0 0 0 0 0 0])
  ("glbl" .
   [1 0 0 0])
  ("reg" .
   [18 0 0])
  ("export" .
   [1 0 0 0 0 0])
  ("posedge" .
   [0 0 1 4 0 0 0])
  ("AXI_ACLK" .
   [0 0 2 0 0 0 0 0])
  ("wrdata" .
   [1 0 0 1 2 0])
  ("wraddr" .
   [0 0 0 1 2 1])
  ("TXN_DONE" .
   [0 0 0 0 0 1 0 0])
  ("INIT_AXI_TXN" .
   [0 0 0 1 1 0 0 0 0 0 0 0])
  ("function" .
   [0 0 0 0 0 1 0 0])
  ("bit" .
   [6 0 0])
  ("31" .
   [7 0])
  ("axi_wr_data" .
   [0 0 0 0 0 0 0 1 0 0 0])
  ("10" .
   [11 0])
  ("100" .
   [7 0 0])
  ("ACLK_PERIOD" .
   [0 0 0 0 1 0 0 0 0 0 0])
  ("$display" .
   [0 0 0 1 3 1 0 0])
  ("initial" .
   [0 0 0 0 0 0 1])
  ("if" .
   [6 0])
  ("wr_enable" .
   [0 0 0 0 0 2 0 0 0])
  ("else" .
   [2 0 1 0])
  ("INIT_READ" .
   [0 0 0 1 0 0 0 0 0])
  ("IDLE" .
   [0 0 1 1])
  ("AXI_RDATA" .
   [0 0 0 0 0 0 1 0 0])
  ("rddata" .
   [0 0 0 1 0 0])
  ("axi_rd_data" .
   [0 0 0 0 0 0 1 0 0 0 0])
  ("myrddata" .
   [0 0 0 2 0 0 0 0])
  ("M_AXI_RDATA" .
   [0 0 0 0 0 0 0 1 0 0 0])
  ("b1" .
   [2 0])
  ("h0" .
   [1 0])
  ("h1" .
   [1 0])
  ("dl" .
   [1 0])
  ("DLY_CNT" .
   [0 0 3 0 0 0 0])
  ("64" .
   [4 0])
  ("as" .
   [1 0])
  ("always" .
   [0 0 1 1 1 0])
  ("always_comb" .
   [0 0 2 0 0 0 0 0 0 0 0])
  ("measure_en" .
   [0 0 0 0 1 0 0 0 0 0])
  ("measured_sig" .
   [0 0 0 0 1 0 0 0 0 0 0 0])
  ("pulse_out" .
   [0 0 0 0 1 0 0 0 0])
  ("local" .
   [3 0 0 0 0])
  ("h10" .
   [2 0 0])
  ("111" .
   [1 0 0])
  ("112" .
   [1 0 0])
  ("bit_convert_state_next" .
   [0 0 0 2 0 0 0 0 0 0 0 0 0 0 0 0 0 0 0 0 0 0])
  ("default" .
   [0 0 0 2 0 0 0])
  ("bit_convert_state" .
   [0 0 0 0 1 0 0 1 0 0 0 0 0 0 0 0 0])
  ("bit_fifo_rd_cnt" .
   [0 0 0 4 0 0 0 1 1 1 0 0 0 0 0])
  ("carry_co_fifo_empty" .
   [0 0 0 0 1 0 0 0 0 0 0 0 0 0 0 0 0 0 0])
  ("carry_co_fifo_rd" .
   [0 0 0 1 1 0 0 0 0 0 0 0 0 0 0 0])
  ("tap_fifo_wr_cnt" .
   [0 0 0 4 0 0 3 1 1 0 0 0 0 0 0])
  ("wr_measure" .
   [0 0 0 0 0 2 0 0 0 0])
  ("slv_reg_rden" .
   [1 0 0 0 0 0 0 0 0 0 0 0])
  ("clk" .
   [6 0 0])
  ("wr_data" .
   [1 0 0 0 1 1 0])
  ("`TMP275_I2C_CTRL_REG_ADDR" .
   [0 0 0 1 0 0 0 0 0 0 0 0 0 0 0 0 0 0 0 0 0 0 0 0 0])
  ("endcase" .
   [2 0 0 0 0 2 0])
  ("inout" .
   [1 0 0 0 0])
  ("assign" .
   [1 0 0 5 1 0])
  ("scl_o" .
   [0 0 0 0 1])
  ("sda_en" .
   [1 0 0 0 0 0])
  ("sda_o" .
   [1 0 0 0 0])
  ("bz" .
   [1 0])
  ("sda_i" .
   [2 0 0 0 0])
  ("i2c_sda" .
   [0 0 0 0 0 0 1])
  ("`DEBUG_ADDR_REG_ADDR" .
   [0 0 0 0 1 0 0 0 0 0 0 0 0 0 0 0 0 0 0 0])
  ("16" .
   [11 0])
  ("new_lo_freq_pre" .
   [0 0 0 0 1 0 0 0 0 0 0 0 0 0 0])
  ("trig_new_lo_freq" .
   [0 0 0 0 1 0 0 0 0 0 0 0 0 0 0 0])
  ("328424e6" .
   [1 0 0 0 0 0 0 0])
  ("reg_inf_vld_o" .
   [0 0 0 0 0 0 1 0 0 0 0 0 0])
  ("reg_inf_dat_ov_reg" .
   [0 0 0 0 0 0 0 1 0 0 0 0 0 0 0 1 0 0])
  ("reg_inf_dat_ov" .
   [0 0 0 0 0 0 0 0 1 0 0 0 0 0])
  ("1024" .
   [1 0 0 0])
  ("AMP" .
   [1 0 0])
  ("12" .
   [2 0])
  ("14" .
   [9 0])
  ("FREQ" .
   [0 0 0 1])
  ("if_dat_src" .
   [0 0 0 0 0 1 0 0 0 0])
  ("delay" .
   [0 0 0 2 1])
  ("up_wr_task" .
   [0 0 0 0 2 1 0 0 0 0])
  ("`FFT_CTRL_STATUS_REG" .
   [0 0 0 1 0 0 0 0 0 0 0 0 0 0 0 0 0 0 0 0])
  ("11" .
   [1 0])
  ("32" .
   [1 0])
  ("up_wdata" .
   [0 0 0 0 1 0 0 0])
  ("fft_pre_fifo_dout_reg" .
   [0 0 0 0 0 0 0 0 0 0 0 0 0 0 0 0 0 0 1 1 0])
  ("regs" .
   [0 0 0 2])
  ("win_data_ram_rd_data_reg" .
   [0 0 0 0 0 0 0 0 0 0 0 0 0 0 0 0 0 0 0 0 0 2 0 0])
  ("or" .
   [1 0])
  ("`FFT_RST_CTRL_ADDR" .
   [0 0 0 0 1 0 0 0 0 0 0 0 0 0 0 0 0 0])
  ("reg_up_fft_data_valid_reg" .
   [0 0 0 0 0 0 0 0 0 0 0 0 0 0 0 0 0 0 0 0 0 0 1 0 0])
  ("up_fft_data_valid" .
   [0 0 0 0 0 0 0 0 0 0 0 1 0 0 0 0 0])
  ("cfg_fft_result_valid_int_en" .
   [0 0 0 0 1 0 0 0 0 0 0 0 0 0 0 0 0 0 0 0 0 0 0 0 0 0 0])
  ("fft_data_count" .
   [0 0 0 0 0 0 1 0 0 0 0 0 0 0])
  ("adder3" .
   [1 0 0 0 0 0])
  ("30" .
   [7 0])
  ("29" .
   [2 0])
  ("b10" .
   [2 0 0])
  ("dout" .
   [0 0 0 2])
  ("18" .
   [6 0])
  ("b01" .
   [2 0 0])
  ("fid" .
   [4 0 0])
  ("$fopen" .
   [1 0 0 0 0 0])
  ("$finish" .
   [0 0 0 1 0 0 0])
  ("dat" .
   [4 0 0])
  ("signed" .
   [0 0 0 0 1 0])
  ("//bin/" .
   [0 0 1 0 0 0])
  ("for" .
   [3 0 0])
  ("cfg_clr_freq_point_cfg_fifo_reg" .
   [1 0 0 0 0 0 0 0 0 0 0 0 0 0 0 0 0 0 0 0 0 0 0 0 0 0 0 0 0 0 0])
  ("load" .
   [1 0 0 0])))
